# Number of parameters = 185 Objective function value = 282.527480980744  Maximum gradient component = 9.36184329147467e-05
# steepness:
0.599550000000
# log_Rzero:
4.30000000000
# log_mean_rec:
3.52433487635
# sigr:
1.50000000000
# log_fish_sel_coffs:
 0.00000000000 0.00000000000 0.00000000000 0.00000000000 0.00000000000 0.00000000000 0.00000000000 0.00000000000 0.00000000000 0.00000000000 0.00000000000
# a50:
8.16749713069
# delta:
1.87616754537
# log_srv1_sel_coffs:
 0.00000000000 0.00000000000 0.00000000000 0.00000000000 0.00000000000 0.00000000000 0.00000000000 0.00000000000 0.00000000000
# a50_srv1:
9.02330669734
# delta_srv1:
4.21707359302
# log_srv2_sel_coffs:
 0.00000000000 0.00000000000 0.00000000000 0.00000000000 0.00000000000 0.00000000000 0.00000000000 0.00000000000 0.00000000000
# a50_srv2:
7.30000000000
# delta_srv2:
3.80000000000
# log_avg_F:
-3.65537451485
# log_F_devs:
 -1.21583379026 0.208300838608 1.02224903359 1.75087573256 2.36732226089 1.98716240998 1.57546847932 1.46003891696 1.16667372383 0.684302450685 1.23764513777 1.26108065243 0.946551985399 0.831816410578 0.788246971566 0.626721738335 -0.760381499616 -1.05315236141 -1.02505724818 -0.946549829231 -0.428637706281 0.486578420211 0.356480571441 -1.01623260236 -2.82344219543 -2.62635334701 -2.02489628649 -1.24585917165 -0.970393131934 -0.901583760958 0.0263524450633 0.536685337925 0.0304450553785 0.224770324042 0.169741719202 -0.348591115603 -0.475932997650 -0.429332100904 0.152780494127 -0.308368978487 -0.355878057476 -0.293535682515 0.144521442540 0.0507015125851 -0.0114270382826 0.0775754166579 -0.0922129143965 -0.116177266957 -0.122910016286 -0.109402031589 -0.199128586435 0.234452673858 0.252982105956 0.178714504845 0.153367069974 0.0692361660599 -0.509461463710 -0.216706216790 -0.0150944371940 -0.105999894524 -0.0607252732086 -0.250577857431
# Est_nsamples_fish_age:
50.0000000000
# Est_nsamples_srv1_age:
50.0000000000
# Est_nsamples_fish_size:
50.0000000000
# mat_a50:
10.6102156642
# mat_delta:
0.648929381624
# log_rec_dev:
 -1.20259384743 -1.20698391569 -1.21161400855 -1.21648015980 -1.22158699501 -1.22695140690 -1.23258841009 -1.23850749812 -1.24471621197 -1.25122165039 -1.25803541745 -1.26517092632 -1.27263871378 -1.28044213918 -1.28858927922 -1.29709402107 -1.30597044028 -1.31522248262 -1.32485084763 -1.33486489704 -1.34527221867 -1.35606996634 -1.36725799316 -1.37884568565 -1.39082372392 -1.40318376910 -1.41591738633 -1.42900618826 -1.44245020336 -1.45619209794 -1.47023175936 -1.48450118286 -1.49894732043 -1.51351271671 -1.52812637782 -1.54264537781 -1.55693587830 -1.57035923177 -1.58080949161 -1.58296801918 -1.56688187624 -1.52299976411 -1.46084573197 -1.42493704208 -1.44199669965 -1.45767471592 -1.40088548179 -1.26225018604 -1.09978477399 -0.985172785624 -1.00408699282 -1.11784017665 -1.17749529472 -1.12130853404 -1.11917944890 -1.10050303817 -0.814321932117 -0.486901037378 -0.730175001531 0.601109976196 -0.619839826948 -0.654270005366 -0.157011686146 -0.585928056922 -0.461302473397 0.715977767495 0.208878155859 -0.430954978431 -0.394586289535 -0.270759417353 0.0170103342446 0.134261317016 -0.368735467618 0.637121314944 0.0505994251360 -0.728697645794 -0.393287029164 -0.323063104040 -1.21635031964 -0.383174901447 -0.776049618587 -0.894545886625 -1.23250771499 0.419475026346 0.0101247369139 -0.405297296734 -0.380043613462 0.206082796237 -0.669936964291 -0.981282936092 -0.764236146923 -1.38358142677 -2.22062637659 -2.18825611781 -1.70327317859 -1.95316764511 -1.84326106706 -1.66338848352 -1.56307775067 -1.83572250535 -2.18013641944 -1.67577921991 -2.04464626236 -1.67801941469 -1.93348960417 -1.60878543826 -1.50060928181 -1.32869845129 -1.21344499207 -1.12500017783
# log_q_srv1:
-0.0504473046833
# log_q_srv2:
0.00000000000
# cv_cpue:
0.00000000000
# logm:
-2.82116395381
# mF50:
0.0426696334410
# mF40:
0.0609683406541
# mF35:
0.0731825703626
